1 1
2 1
3 1
4 827
5 936
6 1370
7 2082
8 3418
9 3432
10 3624
11 4561
12 4764
13 4821
14 5674
15 5866
16 5990
17 6482
18 6806
19 7101
20 7515
21 7634
22 8093
23 8465
24 8603
25 9040
26 9151
27 9473
28 10413
29 10635
30 10825
31 11411
32 11786
33 12022
34 12317
35 12738
36 13190
37 13553
38 13867
39 14336
40 14463
41 15062
42 15204
43 15541
44 16078
45 16625
46 16703
47 17236
48 17663
49 17712
50 18356
51 18586
52 18929
53 19617
54 19819
55 20077
56 20345
57 20806
58 21482
59 21528
60 21820
61 23163
62 23232
63 23424
64 24020
65 24577
66 25141
67 25782
68 25926
69 26064
70 26933
71 26952
72 27123
73 27829
74 27962
75 28192
76 28640
77 29045
78 29148
79 29687
80 30974
81 32520
82 32753
83 32774
84 33752
85 33881
86 34101
87 34938
88 35276
89 35531
90 35862
91 36359
92 36390
93 36757
94 37519
95 37747
96 37975
97 38558
98 39050
99 39354
100 39559
