1 1
2 1
3 1
4 827
5 936
6 1379
7 1952
8 2036
9 3221
10 3493
11 4912
12 5030
13 5461
14 5860
15 6129
16 6558
17 6703
18 7120
19 7619
20 8127
21 8580
22 9266
23 9297
24 9444
25 10066
26 10212
27 10355
28 11024
29 11224
30 11508
31 11946
32 12314
33 12641
34 12824
35 13205
36 13461
37 13563
38 14340
39 14400
40 14739
41 15639
42 15800
43 15817
44 16918
45 17050
46 17172
47 17957
48 18112
49 18160
50 19124
51 19358
52 19422
53 20427
54 20697
55 21030
56 21133
57 21242
58 22053
59 22214
60 22317
61 23691
62 23951
63 24229
64 24676
65 24824
66 25385
67 25696
68 25972
69 26320
70 26653
71 26975
72 27068
73 27612
74 27789
75 28129
76 28320
77 29260
78 29263
79 29434
80 30424
81 30501
82 30692
83 30837
84 31547
85 31727
86 32667
87 33077
88 33693
89 33706
90 34006
91 34503
92 34833
93 35101
94 35441
95 36110
96 36318
97 36616
98 36841
99 37541
100 37749
