1 1
2 1
3 1
4 735
5 961
6 1236
7 1364
8 2387
9 2575
10 2903
11 3595
12 3804
13 3890
14 4578
15 4734
16 4875
17 5585
18 5602
19 6186
20 6533
21 6707
22 7403
23 7701
24 7767
25 8545
26 8820
27 9116
28 9657
29 9856
30 9984
31 10213
32 11235
33 11327
34 11651
35 12577
36 13269
37 13345
38 13596
39 14346
40 14458
41 14940
42 15232
43 15362
44 15449
45 16074
46 16575
47 16882
48 16973
49 17420
50 17944
51 18119
52 18662
53 19360
54 19450
55 19591
56 20326
57 20360
58 20994
59 21253
60 21300
61 22085
62 22244
63 22344
64 22900
65 23073
66 23833
67 23975
68 24336
69 24681
70 25513
71 25523
72 25707
73 27015
74 27142
75 27172
76 28453
77 28617
78 28753
79 29759
80 29844
81 30374
82 30573
83 30716
84 31230
85 31378
86 31884
87 32209
88 32360
89 32681
90 33646
91 33790
92 34124
93 34449
94 34622
95 34984
96 35821
97 36122
98 36441
99 37233
100 37583
