1 1
2 1
3 1
4 735
5 961
6 1225
7 1236
8 2064
9 2556
10 2673
11 3333
12 3427
13 3683
14 4424
15 4494
16 4722
17 5376
18 5534
19 6064
20 6360
21 6443
22 7327
23 7577
24 7697
25 8533
26 8679
27 8991
28 9434
29 9560
30 9905
31 10039
32 10943
33 11120
34 11182
35 12412
36 12550
37 12897
38 13647
39 13886
40 14023
41 14738
42 15262
43 15369
44 15408
45 16171
46 16468
47 16948
48 17166
49 17408
50 18164
51 18366
52 18780
53 19273
54 19529
55 19940
56 20233
57 20439
58 21041
59 21438
60 21522
61 22109
62 22496
63 22635
64 23145
65 23199
66 24078
67 24157
68 24453
69 24857
70 25524
71 25718
72 25877
73 26682
74 26907
75 27056
76 28004
77 28207
78 28324
79 29393
80 29499
81 29591
82 30208
83 30513
84 30656
85 31015
86 31720
87 31734
88 31974
89 32381
90 32609
91 33292
92 33409
93 33529
94 34005
95 34347
96 34916
97 35473
98 35573
99 36159
100 36902
